
11111111111111111111111111111111

//--------------------------------------Loads

10110000000000000000000000100011
10110000100000000000000000000000
10110001000000000000000000001000
10110001100000000000000000010000
10110010000000000000000000011000
10110010100000000000000000100000
10110011000000000000000000101000
10110011100000000000000000110000
10010000100100000000000000000000
10010001001000000000000000000000
10010001101100000000000000000000
10010110010000000000000000000000
10010110110100000000000000000000
10010111011000000000000000000000




//--------------------------------------SHFL---------------------

11000000100100000000000000000001
11000001001000000000000000000001
11000001101100000000000000000001
11000010010000000000000000000001
11000010110100000000000000000001
11000011011000000000000000000001


//--------------------------------------STR---------------------

01110000000100100000000000000000
01110000001001000000000000000000
01110000001101100000000000000000
01110000010010000000000000000000
01110000010110100000000000000000
01110000011011000000000000000000



//--------------------------------------SUMS---------------------

01010000100111100000000000000000
01010001001011100000000000000000
01010001101111100000000000000000
01010010010011100000000000000000
01010010110111100000000000000000
01010011011011100000000000000000
